      0   0.1576441480500857E+03   0.8436797294730304E+02   0.8525070914847379E+00   0.1000000000000000E+01
      1   0.1574163083267605E+03   0.8631896478778523E+02   0.7727324136672502E+00   0.3081597265337371E+04
      2   0.1573657938453703E+03   0.8815474742355252E+02   0.7940389187932125E+00   0.3081597265337371E+04
      3   0.1591729895808929E+03   0.8960737106829281E+02   0.7150152445157811E+00   0.3081597265337371E+04
      4   0.1605807021735494E+03   0.9047012073727365E+02   0.7342695219058951E+00   0.3081597265337371E+04
      5   0.1616074193101264E+03   0.9087966163850218E+02   0.6979604902918407E+00   0.3081597265337371E+04
      6   0.1622710512241119E+03   0.9123471547371278E+02   0.7978947255308445E+00   0.3081597265337371E+04
      7   0.1635852094107250E+03   0.9201420688469300E+02   0.8235089340176532E+00   0.3081597265337371E+04
      8   0.1641597958906370E+03   0.9338403464702191E+02   0.8027076224154948E+00   0.3081597265337371E+04
      9   0.1638491593548894E+03   0.9452596996088353E+02   0.6900806311313810E+00   0.3081597265337371E+04
     10   0.1631717220380300E+03   0.9530222412878528E+02   0.7018412012145058E+00   0.3081597265337371E+04
     11   0.1633147364558879E+03   0.9577280638944366E+02   0.7366914220767017E+00   0.3081597265337371E+04
     12   0.1631845654749876E+03   0.9661325369474903E+02   0.7368627375190133E+00   0.3081597265337371E+04
     13   0.1632372160828062E+03   0.9748664557064073E+02   0.7342293914299082E+00   0.3081597265337371E+04
     14   0.1634569371915353E+03   0.9786013959995256E+02   0.7215909362794709E+00   0.3081597265337371E+04
     15   0.1641278320505999E+03   0.9786251996830498E+02   0.6904944423523560E+00   0.3081597265337371E+04
     16   0.1646406370273268E+03   0.9774715809280164E+02   0.7198610917163434E+00   0.3081597265337371E+04
     17   0.1648694310971489E+03   0.9760784635116104E+02   0.7423671836491115E+00   0.3081597265337371E+04
     18   0.1648978708038854E+03   0.9797714827474317E+02   0.6667680444603795E+00   0.3081597265337371E+04
     19   0.1647973932450016E+03   0.9864978699805377E+02   0.6690223661234286E+00   0.3081597265337371E+04
     20   0.1645906231907602E+03   0.9955076978103048E+02   0.6431925797882456E+00   0.3081597265337371E+04
     21   0.1643588798549465E+03   0.1002271080803649E+03   0.6621195131334282E+00   0.3081597265337371E+04
     22   0.1640681816124367E+03   0.1002881234374775E+03   0.6166813664347286E+00   0.3081597265337371E+04
     23   0.1638257108192392E+03   0.1011893736188721E+03   0.6681256408235954E+00   0.3081597265337371E+04
     24   0.1639832378033539E+03   0.1014848684493841E+03   0.6526947303810177E+00   0.3081597265337371E+04
     25   0.1640711095229813E+03   0.1011727209058183E+03   0.6871486798355049E+00   0.3081597265337371E+04
     26   0.1640083904692700E+03   0.1005350749944840E+03   0.7036905567882474E+00   0.3081597265337371E+04
     27   0.1638663039605663E+03   0.1002435027612569E+03   0.6879479315887715E+00   0.3081597265337371E+04
     28   0.1636121186832094E+03   0.1006399122412011E+03   0.7438544748224641E+00   0.3081597265337371E+04
     29   0.1632013807486376E+03   0.1011093201292478E+03   0.7334813976904395E+00   0.3081597265337371E+04
     30   0.1627305679021008E+03   0.1015527359329924E+03   0.7859009387504459E+00   0.3081597265337371E+04
     31   0.1620859120078545E+03   0.1018582534597406E+03   0.8054214314512562E+00   0.3081597265337371E+04
     32   0.1613290507301225E+03   0.1017982928080364E+03   0.8456896716482571E+00   0.3081597265337371E+04
     33   0.1604091865143096E+03   0.1013133895114062E+03   0.8758520028180609E+00   0.3081597265337371E+04
     34   0.1595219017750248E+03   0.1006094729265253E+03   0.8856188882200066E+00   0.3081597265337371E+04
     35   0.1588960836008488E+03   0.9986745975746123E+02   0.8268577901165788E+00   0.3081597265337371E+04
     36   0.1586584964607919E+03   0.9908534095888024E+02   0.7312721494155408E+00   0.3081597265337371E+04
     37   0.1588616685714723E+03   0.9921966092943867E+02   0.7030840186754376E+00   0.3081597265337371E+04
     38   0.1587600346030918E+03   0.1006805881741185E+03   0.7832916558015655E+00   0.3081597265337371E+04
     39   0.1584023042265449E+03   0.1023625978060419E+03   0.8545955483748308E+00   0.3081597265337371E+04
     40   0.1578170763026417E+03   0.1041663317236423E+03   0.7457896903856467E+00   0.3081597265337371E+04
     41   0.1571409962560437E+03   0.1057782030249964E+03   0.6935370553036300E+00   0.3081597265337371E+04
     42   0.1565067402496525E+03   0.1069750055040212E+03   0.6199563600252882E+00   0.3081597265337371E+04
     43   0.1559948215066377E+03   0.1075751780361001E+03   0.7457830532954871E+00   0.3081597265337371E+04
     44   0.1555569332364804E+03   0.1076598873662320E+03   0.7488934971339802E+00   0.3081597265337371E+04
     45   0.1553474449988094E+03   0.1074003290042243E+03   0.8166271916681163E+00   0.3081597265337371E+04
     46   0.1552229052531377E+03   0.1069399750634291E+03   0.7937574807114779E+00   0.3081597265337371E+04
     47   0.1551424782715377E+03   0.1064650852593458E+03   0.7278555208674324E+00   0.3081597265337371E+04
     48   0.1550748054400188E+03   0.1062699906055981E+03   0.8713695709752283E+00   0.3081597265337371E+04
     49   0.1551579649707232E+03   0.1060316198804023E+03   0.6968484912908817E+00   0.3081597265337371E+04
     50   0.1555126123830689E+03   0.1055436828394713E+03   0.6857772753740309E+00   0.3081597265337371E+04
     51   0.1556872743555823E+03   0.1046744250692333E+03   0.6500275082769693E+00   0.3081597265337371E+04
     52   0.1556572523350076E+03   0.1045239726629914E+03   0.6676290545268935E+00   0.3081597265337371E+04
     53   0.1554475536675174E+03   0.1043943596644308E+03   0.7885092587808761E+00   0.3081597265337371E+04
     54   0.1552051882412815E+03   0.1046036326795000E+03   0.5917758289712022E+00   0.3081597265337371E+04
     55   0.1550147566332827E+03   0.1046439999290653E+03   0.5448732162604657E+00   0.3081597265337371E+04
     56   0.1548617093016501E+03   0.1041827348448553E+03   0.5845731432074101E+00   0.3081597265337371E+04
     57   0.1548311583011207E+03   0.1033484468048819E+03   0.5785605967736325E+00   0.3081597265337371E+04
     58   0.1548232162318833E+03   0.1031033114724577E+03   0.5434477570933923E+00   0.3081597265337371E+04
     59   0.1548848929175705E+03   0.1033173720576835E+03   0.5027217857485385E+00   0.3081597265337371E+04
     60   0.1548244939253198E+03   0.1030795256371144E+03   0.5081755475507026E+00   0.3081597265337371E+04
     61   0.1547272806082488E+03   0.1024119727460717E+03   0.5822537025026298E+00   0.3081597265337371E+04
     62   0.1545474997807878E+03   0.1017597019202884E+03   0.5194753269880522E+00   0.3081597265337371E+04
     63   0.1545997322585956E+03   0.1011928164059040E+03   0.5806763414203876E+00   0.3081597265337371E+04
     64   0.1550041916963362E+03   0.1004514271097480E+03   0.6134971167729321E+00   0.3081597265337371E+04
     65   0.1557376727935330E+03   0.9996081282504451E+02   0.7068059033587737E+00   0.3081597265337371E+04
     66   0.1564212718880509E+03   0.9986567620466550E+02   0.5919081523576533E+00   0.3081597265337371E+04
     67   0.1571589828227850E+03   0.1001421456325840E+03   0.6117070610235795E+00   0.3081597265337371E+04
     68   0.1578310637033400E+03   0.1004485059569853E+03   0.6412098731216045E+00   0.3081597265337371E+04
     69   0.1582882213810027E+03   0.1004899582355900E+03   0.6134674275860696E+00   0.3081597265337371E+04
     70   0.1584996041975669E+03   0.1007077651806007E+03   0.5920853549766278E+00   0.3081597265337371E+04
     71   0.1584290529487948E+03   0.1008061635131547E+03   0.5511240759258488E+00   0.3081597265337371E+04
     72   0.1580140919557316E+03   0.1006552844423104E+03   0.5755587158803286E+00   0.3081597265337371E+04
