 m01s00i024_inst =
  218.2018, 219.1913, 219.2113, 217.3738, 218.1275, 218.5521, 219.4182,
    219.1287, 218.2966, 218.7607, 218.0001, 218.4277, 219.4805, 219.6981,

 m01s00i024_max =
  218.2018, 219.1913, 219.2113, 217.3738, 218.1275, 218.5521, 219.4182,
    219.1287, 218.2966, 218.7607, 218.0001, 218.4277, 219.4805, 219.6981,

 m01s00i024_min =
  218.2018, 219.1913, 219.2113, 217.3738, 218.1275, 218.5521, 219.4182,
    219.1287, 218.2966, 218.7607, 218.0001, 218.4277, 219.4805, 219.6981,

m01s00i024_av =
  218.2018, 219.1913, 219.2113, 217.3738, 218.1275, 218.5521, 219.4182,
    219.1287, 218.2966, 218.7607, 218.0001, 218.4277, 219.4805, 219.6981,

 m01s00i024_acc =
  218.2018, 219.1913, 219.2113, 217.3738, 218.1275, 218.5521, 219.4182,
    219.1287, 218.2966, 218.7607, 218.0001, 218.4277, 219.4805, 219.6981,

 m01s00i024_once =
  218.2018, 219.1913, 219.2113, 217.3738, 218.1275, 218.5521, 219.4182,
    219.1287, 218.2966, 218.7607, 218.0001, 218.4277, 219.4805, 219.6981,

 m01s00i024_ens =
  218.1947, 219.1866, 219.2054, 217.3659, 218.1145, 218.5463, 219.4137,
    219.1237, 218.29, 218.7554, 217.9931, 218.4219, 219.4775, 219.6955,

 m01s00i024_sqav =
  47608.93, 48042.76, 48051.01, 47247.95, 47573.93, 47762.5, 48142.37,
    48015.21, 47650.54, 47853.93, 47520.98, 47708.14, 48170.37, 48266.11,

 m01s00i024_avensq =
  47608.93, 48042.76, 48051.01, 47247.95, 47573.93, 47762.5, 48142.37,
    48015.21, 47650.54, 47853.93, 47520.98, 47708.14, 48170.37, 48266.11,

 m01s00i024_stdev =
  0.005639038, 0.006574109, 0.004356867, 0.01052606, 0.009518716,
    0.005736893, 0.003199386, 0.003826601, 0.006685611, 0.006399374,
    0.01011321, 0.008297119, 0.003333313, 0.00185991, 0.003271648,

 m01s00i024_ens_mean_file =
  218.1947, 219.1866, 219.2054, 217.3659, 218.1145, 218.5463, 219.4137,
    219.1237, 218.29, 218.7554, 217.9931, 218.4219, 219.4775, 219.6955,

 m01s00i024_stdev_file =
  0.005639038, 0.006574109, 0.004356867, 0.01052606, 0.009518716,
    0.005736893, 0.003199386, 0.003826601, 0.006685611, 0.006399374,

