38080
38080
38080
38080
38344
38076
38080
38080
38080
38080
38080
38080
38080
38080
38080
38080
38080
38080
38080
38080
38080
38080
38080
38080
38080
38080
38080
38080
38080
38080
38080
38080
38080
38080
38080
38080
38080
38080
38080
38080
38080
38344
38344
38344
38080
38080
38080
38080
38080
38080
38080
38080
38080
38080
38080
38080
38080
38080
38080
38080
38080
38080
38080
38080
38080
38080
38080
38080
38344
38344
38344
38080
38344
38076
38080
38080
38080
38080
38080
38080
38080
38076
38080
38080
38076
38080
38080
38076
38080
38080
38080
38076
38080
38080
38080
38080
38080
38076
38344
38080
38076
38080
38080
38080
38080
38080
38080
38080
38080
38076
38080
38076
