      0   0.1576441480500857E+03   0.8436797294730304E+02   0.8525070914847379E+00   0.1000000000000000E+01
      1   0.1574153654673633E+03   0.8631846987244543E+02   0.7701715381964210E+00   0.3081597265337371E+04
      2   0.1573670812710804E+03   0.8815421035274356E+02   0.7940801721004745E+00   0.3081597265337371E+04
      3   0.1591723297460268E+03   0.8961055840284057E+02   0.7155770428665893E+00   0.3081597265337371E+04
      4   0.1605725751791222E+03   0.9047311376627107E+02   0.7340578017611895E+00   0.3081597265337371E+04
      5   0.1616133830777678E+03   0.9088676058994513E+02   0.7498199065715302E+00   0.3081597265337371E+04
      6   0.1622982329172924E+03   0.9124565368658078E+02   0.7305253251719304E+00   0.3081597265337371E+04
      7   0.1635879567441649E+03   0.9199144711896294E+02   0.8039659803991168E+00   0.3081597265337371E+04
      8   0.1641146606995179E+03   0.9336535863910024E+02   0.6927329267830710E+00   0.3081597265337371E+04
      9   0.1638064159412556E+03   0.9454454396554718E+02   0.6572480434801110E+00   0.3081597265337371E+04
     10   0.1632160656789746E+03   0.9531426043105593E+02   0.6975053045365633E+00   0.3081597265337371E+04
     11   0.1634022612672593E+03   0.9573970394657093E+02   0.7318519215334349E+00   0.3081597265337371E+04
     12   0.1632081451252549E+03   0.9656250248020397E+02   0.7320082727614302E+00   0.3081597265337371E+04
     13   0.1632540980230890E+03   0.9745206962239405E+02   0.7324744827958352E+00   0.3081597265337371E+04
     14   0.1634870667563624E+03   0.9787504928702161E+02   0.7325807091406374E+00   0.3081597265337371E+04
     15   0.1641467342970423E+03   0.9796117182108040E+02   0.7026171231274490E+00   0.3081597265337371E+04
     16   0.1646522479433099E+03   0.9781231953449152E+02   0.6691859159273270E+00   0.3081597265337371E+04
     17   0.1648598842952086E+03   0.9753428146577585E+02   0.6691734584687916E+00   0.3081597265337371E+04
     18   0.1648215847967429E+03   0.9797477721026593E+02   0.6394264819379061E+00   0.3081597265337371E+04
     19   0.1646660042494595E+03   0.9874007093674810E+02   0.6252497205126679E+00   0.3081597265337371E+04
     20   0.1644864479901136E+03   0.9965577782074789E+02   0.7459871555212804E+00   0.3081597265337371E+04
     21   0.1642992028718029E+03   0.1002813942036534E+03   0.6972567529507345E+00   0.3081597265337371E+04
     22   0.1640817463671448E+03   0.1003099617460123E+03   0.6429451037301445E+00   0.3081597265337371E+04
     23   0.1638353572545961E+03   0.1011175666208495E+03   0.6095929508114418E+00   0.3081597265337371E+04
     24   0.1639208427731529E+03   0.1013605104381725E+03   0.6112431025548242E+00   0.3081597265337371E+04
     25   0.1639852716505436E+03   0.1010654801706290E+03   0.6309418742175911E+00   0.3081597265337371E+04
     26   0.1639914194364642E+03   0.1004517061703607E+03   0.6756357101971202E+00   0.3081597265337371E+04
     27   0.1639622184719942E+03   0.1001492659637002E+03   0.7085803591358595E+00   0.3081597265337371E+04
     28   0.1637824922050582E+03   0.1006732767626900E+03   0.7310902268085584E+00   0.3081597265337371E+04
     29   0.1633217796561130E+03   0.1012036295406390E+03   0.7845266080513545E+00   0.3081597265337371E+04
     30   0.1628057722958446E+03   0.1016122888900032E+03   0.7814532643583735E+00   0.3081597265337371E+04
     31   0.1620365189903839E+03   0.1019531041048505E+03   0.8145104026130014E+00   0.3081597265337371E+04
     32   0.1611937661654241E+03   0.1018616526181215E+03   0.8004176458918206E+00   0.3081597265337371E+04
     33   0.1602666323889123E+03   0.1013849210911142E+03   0.7811041967241752E+00   0.3081597265337371E+04
     34   0.1593608865083339E+03   0.1007351755577259E+03   0.7527805712640130E+00   0.3081597265337371E+04
     35   0.1587610793576104E+03   0.1000397995083518E+03   0.7446679680677989E+00   0.3081597265337371E+04
     36   0.1585190925380349E+03   0.9924663438280437E+02   0.6928822195565317E+00   0.3081597265337371E+04
     37   0.1588725284416371E+03   0.9933265748979144E+02   0.6934108552507637E+00   0.3081597265337371E+04
     38   0.1589007169113478E+03   0.1005658628911686E+03   0.6820029491287224E+00   0.3081597265337371E+04
     39   0.1585800016687994E+03   0.1022417031456388E+03   0.6588371041876949E+00   0.3081597265337371E+04
     40   0.1579603530032533E+03   0.1040543609199845E+03   0.6517807236704202E+00   0.3081597265337371E+04
     41   0.1572804698653854E+03   0.1057103749134929E+03   0.6221708684530096E+00   0.3081597265337371E+04
     42   0.1566321563731509E+03   0.1069658626676987E+03   0.5957255824222318E+00   0.3081597265337371E+04
     43   0.1560109437211812E+03   0.1075862998415114E+03   0.6454033939770104E+00   0.3081597265337371E+04
     44   0.1554688317231679E+03   0.1076135373036847E+03   0.6350479843719365E+00   0.3081597265337371E+04
     45   0.1553106566833685E+03   0.1072562138300414E+03   0.7824628455822144E+00   0.3081597265337371E+04
     46   0.1552509683022633E+03   0.1067291118008136E+03   0.7114957415309108E+00   0.3081597265337371E+04
     47   0.1551332686345843E+03   0.1062789448920558E+03   0.7428799111299876E+00   0.3081597265337371E+04
     48   0.1549394738229820E+03   0.1061336149646148E+03   0.8611496423712073E+00   0.3081597265337371E+04
     49   0.1550233985180240E+03   0.1059432859651132E+03   0.8373619109884431E+00   0.3081597265337371E+04
     50   0.1553922711483438E+03   0.1054839450343752E+03   0.7170160553705648E+00   0.3081597265337371E+04
     51   0.1556103487381526E+03   0.1048493436684593E+03   0.6985524750214329E+00   0.3081597265337371E+04
     52   0.1555766751082662E+03   0.1047668358400042E+03   0.7188958671889371E+00   0.3081597265337371E+04
     53   0.1554412764568062E+03   0.1046312517095284E+03   0.7065438680354501E+00   0.3081597265337371E+04
     54   0.1553562004382438E+03   0.1047554906256093E+03   0.6975077124938754E+00   0.3081597265337371E+04
     55   0.1551940482387693E+03   0.1046485348613380E+03   0.6937600266453424E+00   0.3081597265337371E+04
     56   0.1549597549765529E+03   0.1041163827964847E+03   0.6442805199544924E+00   0.3081597265337371E+04
     57   0.1549008620733208E+03   0.1031788997600427E+03   0.5967886286511284E+00   0.3081597265337371E+04
     58   0.1549113125623341E+03   0.1029751429153468E+03   0.5367703099895736E+00   0.3081597265337371E+04
     59   0.1549308516148430E+03   0.1031596402429880E+03   0.5803375287094454E+00   0.3081597265337371E+04
     60   0.1548110693345263E+03   0.1029991615133883E+03   0.5445593945322790E+00   0.3081597265337371E+04
     61   0.1549415243952968E+03   0.1024635986070170E+03   0.6023839655467679E+00   0.3081597265337371E+04
     62   0.1547442650409217E+03   0.1017382588797118E+03   0.5678718420743208E+00   0.3081597265337371E+04
     63   0.1545700552881552E+03   0.1013364485064934E+03   0.7176991591595275E+00   0.3081597265337371E+04
     64   0.1551114726721046E+03   0.1006630140663318E+03   0.6726314519309952E+00   0.3081597265337371E+04
     65   0.1559046989781727E+03   0.1000992505046103E+03   0.6874299184901551E+00   0.3081597265337371E+04
     66   0.1566965506922438E+03   0.9987724080014476E+02   0.6257969397247558E+00   0.3081597265337371E+04
     67   0.1574110494787083E+03   0.1001744916039922E+03   0.6407609123805946E+00   0.3081597265337371E+04
     68   0.1579375323203840E+03   0.1006633258543825E+03   0.6224509619069841E+00   0.3081597265337371E+04
     69   0.1582820292189742E+03   0.1009218301937831E+03   0.6481207134271235E+00   0.3081597265337371E+04
     70   0.1584097746626348E+03   0.1008896239403821E+03   0.7111227931892669E+00   0.3081597265337371E+04
     71   0.1582532295563699E+03   0.1005180798926428E+03   0.7296614655836396E+00   0.3081597265337371E+04
     72   0.1579088171401522E+03   0.9998474781782706E+02   0.7650161869362806E+00   0.3081597265337371E+04
