      0   0.1576441480500857E+03   0.8436797294730304E+02   0.8525070914847379E+00   0.1000000000000000E+01
      1   0.1574161941071926E+03   0.8631895436585270E+02   0.7676678395848403E+00   0.3081597265337371E+04
      2   0.1573652623405528E+03   0.8815514253225268E+02   0.7940589093943318E+00   0.3081597265337371E+04
      3   0.1591744158020255E+03   0.8960586940044274E+02   0.7151467030906978E+00   0.3081597265337371E+04
      4   0.1605842399528382E+03   0.9046836433644800E+02   0.7408989462313154E+00   0.3081597265337371E+04
      5   0.1616081836100375E+03   0.9089665665414279E+02   0.7017297222461811E+00   0.3081597265337371E+04
      6   0.1622765941349312E+03   0.9125839822863801E+02   0.7781516322924894E+00   0.3081597265337371E+04
      7   0.1635850752315478E+03   0.9195591679743131E+02   0.7941249742678708E+00   0.3081597265337371E+04
      8   0.1641299240344159E+03   0.9333385091596095E+02   0.8456906557316367E+00   0.3081597265337371E+04
      9   0.1638133990367720E+03   0.9453485577380914E+02   0.6644526879757846E+00   0.3081597265337371E+04
     10   0.1632028323373004E+03   0.9530745217539805E+02   0.7054543498776078E+00   0.3081597265337371E+04
     11   0.1633947283677338E+03   0.9577887905853345E+02   0.7345476342065314E+00   0.3081597265337371E+04
     12   0.1632007111589810E+03   0.9663444981349895E+02   0.7212100525729706E+00   0.3081597265337371E+04
     13   0.1632655362866599E+03   0.9753390244630509E+02   0.7365842789814812E+00   0.3081597265337371E+04
     14   0.1635166468833941E+03   0.9788604686794430E+02   0.7138157737695352E+00   0.3081597265337371E+04
     15   0.1641891239851806E+03   0.9786644385648854E+02   0.7019303842530817E+00   0.3081597265337371E+04
     16   0.1646742324954379E+03   0.9769420633147197E+02   0.6831697379167944E+00   0.3081597265337371E+04
     17   0.1648578092761833E+03   0.9751057986012304E+02   0.6704786812067148E+00   0.3081597265337371E+04
     18   0.1648436608361964E+03   0.9797908950799558E+02   0.6617146393148268E+00   0.3081597265337371E+04
     19   0.1647411822631787E+03   0.9872363709745139E+02   0.6045294118264788E+00   0.3081597265337371E+04
     20   0.1645450136639711E+03   0.9961646105543842E+02   0.6077797303568603E+00   0.3081597265337371E+04
     21   0.1642747253802826E+03   0.1002487173517337E+03   0.6249995743141408E+00   0.3081597265337371E+04
     22   0.1639500483511563E+03   0.1002498474494456E+03   0.5972979623428424E+00   0.3081597265337371E+04
     23   0.1636915640493380E+03   0.1010908088331369E+03   0.6070239216965002E+00   0.3081597265337371E+04
     24   0.1638079952369180E+03   0.1013603168387576E+03   0.6097309248430430E+00   0.3081597265337371E+04
     25   0.1639293655776029E+03   0.1010863833379740E+03   0.6348413206935122E+00   0.3081597265337371E+04
     26   0.1639653648794260E+03   0.1005046419639144E+03   0.6774860360077243E+00   0.3081597265337371E+04
     27   0.1639020504249779E+03   0.1002124828751847E+03   0.7001365724235810E+00   0.3081597265337371E+04
     28   0.1637111012151428E+03   0.1005873248628643E+03   0.7190088995216412E+00   0.3081597265337371E+04
     29   0.1633504800695826E+03   0.1010714257111750E+03   0.7532416770971490E+00   0.3081597265337371E+04
     30   0.1628603958550160E+03   0.1015259573778544E+03   0.7894585963894587E+00   0.3081597265337371E+04
     31   0.1622158242843559E+03   0.1019657345130626E+03   0.8025049957528418E+00   0.3081597265337371E+04
     32   0.1614147485943326E+03   0.1019781415869334E+03   0.8078918717277357E+00   0.3081597265337371E+04
     33   0.1604336273113119E+03   0.1014698522013552E+03   0.7810266081610969E+00   0.3081597265337371E+04
     34   0.1595068494823648E+03   0.1007053726988638E+03   0.7398019865465691E+00   0.3081597265337371E+04
     35   0.1589172011112849E+03   0.1000145583097014E+03   0.7275690889822165E+00   0.3081597265337371E+04
     36   0.1587661337665184E+03   0.9936921641699084E+02   0.6592844367058718E+00   0.3081597265337371E+04
     37   0.1590050616414737E+03   0.9924737951848695E+02   0.6631013303799236E+00   0.3081597265337371E+04
     38   0.1588618455014750E+03   0.1002569144753560E+03   0.6621537223068809E+00   0.3081597265337371E+04
     39   0.1584572243033560E+03   0.1018616670343061E+03   0.7065200776174346E+00   0.3081597265337371E+04
     40   0.1579318141658690E+03   0.1036555960468760E+03   0.7052551764959560E+00   0.3081597265337371E+04
     41   0.1572560546635964E+03   0.1054149346553483E+03   0.7341179308440005E+00   0.3081597265337371E+04
     42   0.1565030128182024E+03   0.1068575793609644E+03   0.5986478908870200E+00   0.3081597265337371E+04
     43   0.1558251044035623E+03   0.1077076589258820E+03   0.5960815411287796E+00   0.3081597265337371E+04
     44   0.1552722485678988E+03   0.1079494377797404E+03   0.5761635408566643E+00   0.3081597265337371E+04
     45   0.1551055119156301E+03   0.1077396493142888E+03   0.6925022953836133E+00   0.3081597265337371E+04
     46   0.1550077357953598E+03   0.1073069736464560E+03   0.6089756978511046E+00   0.3081597265337371E+04
     47   0.1549442126709610E+03   0.1069427583162519E+03   0.5789329281066150E+00   0.3081597265337371E+04
     48   0.1548779187367073E+03   0.1068231928166256E+03   0.6425614244778324E+00   0.3081597265337371E+04
     49   0.1549962421370599E+03   0.1065760032321675E+03   0.8036801409831723E+00   0.3081597265337371E+04
     50   0.1553875136567978E+03   0.1059639447945443E+03   0.8311004984831859E+00   0.3081597265337371E+04
     51   0.1555405677784588E+03   0.1049808327507941E+03   0.6709275505958280E+00   0.3081597265337371E+04
     52   0.1555036976302713E+03   0.1048162823050609E+03   0.6054353221630537E+00   0.3081597265337371E+04
     53   0.1554294572464500E+03   0.1044781283049988E+03   0.6954802280545036E+00   0.3081597265337371E+04
     54   0.1553524709078141E+03   0.1047668145884221E+03   0.6195252573419419E+00   0.3081597265337371E+04
     55   0.1552382832913337E+03   0.1046743692579562E+03   0.6619609746319980E+00   0.3081597265337371E+04
     56   0.1551382531558720E+03   0.1041523173765124E+03   0.6893252006828212E+00   0.3081597265337371E+04
     57   0.1551414308324830E+03   0.1033749293440496E+03   0.6191834821977823E+00   0.3081597265337371E+04
     58   0.1551582949395004E+03   0.1031854234681255E+03   0.5464213009462618E+00   0.3081597265337371E+04
     59   0.1551431358956440E+03   0.1034057049249042E+03   0.5907273266660481E+00   0.3081597265337371E+04
     60   0.1553328311539836E+03   0.1031837918067617E+03   0.5265300111336094E+00   0.3081597265337371E+04
     61   0.1554537174105747E+03   0.1025482385491395E+03   0.4614559937655873E+00   0.3081597265337371E+04
     62   0.1552013720983297E+03   0.1019241899854402E+03   0.5052754431224368E+00   0.3081597265337371E+04
     63   0.1546833583689027E+03   0.1014681305835105E+03   0.6954077530660150E+00   0.3081597265337371E+04
     64   0.1549931428238537E+03   0.1006998339284587E+03   0.6693473520177531E+00   0.3081597265337371E+04
     65   0.1557951210663867E+03   0.9992666318610628E+02   0.7672622599266825E+00   0.3081597265337371E+04
     66   0.1566301258937285E+03   0.9961770632069691E+02   0.7201556536441369E+00   0.3081597265337371E+04
     67   0.1573161366919301E+03   0.9988073847009846E+02   0.7344887040182133E+00   0.3081597265337371E+04
     68   0.1578405879282493E+03   0.1000723835670298E+03   0.6907456538570893E+00   0.3081597265337371E+04
     69   0.1581766990114531E+03   0.1001288846130020E+03   0.6457130940174719E+00   0.3081597265337371E+04
     70   0.1582458491401451E+03   0.1001861087192683E+03   0.7467165454068051E+00   0.3081597265337371E+04
     71   0.1580480690796507E+03   0.1000495010490375E+03   0.7063515807933800E+00   0.3081597265337371E+04
     72   0.1576417248537400E+03   0.9959331932387752E+02   0.7335927670662127E+00   0.3081597265337371E+04
