      0   0.1576441480500857E+03   0.8436797294730304E+02   0.8525070914847379E+00   0.1000000000000000E+01
      1   0.1574162410307780E+03   0.8631900551348086E+02   0.7696934183276319E+00   0.3081597265337371E+04
      2   0.1573661810433778E+03   0.8815573851785965E+02   0.7943154967514505E+00   0.3081597265337371E+04
      3   0.1591720053945587E+03   0.8961080680896183E+02   0.7130022067886140E+00   0.3081597265337371E+04
      4   0.1605811808801068E+03   0.9047066516993074E+02   0.7328747057285416E+00   0.3081597265337371E+04
      5   0.1616086235588981E+03   0.9087585595428367E+02   0.7005045478085896E+00   0.3081597265337371E+04
      6   0.1622725373491506E+03   0.9123233187369769E+02   0.7930949589179551E+00   0.3081597265337371E+04
      7   0.1635909984057891E+03   0.9198484740259522E+02   0.8054418087715987E+00   0.3081597265337371E+04
      8   0.1641473292445974E+03   0.9338938217233704E+02   0.9008394835316523E+00   0.3081597265337371E+04
      9   0.1638192235604729E+03   0.9456858554548100E+02   0.7337114725927906E+00   0.3081597265337371E+04
     10   0.1631719869367236E+03   0.9531176363366593E+02   0.7179215254485404E+00   0.3081597265337371E+04
     11   0.1633217095829952E+03   0.9574224345172951E+02   0.7401860094906172E+00   0.3081597265337371E+04
     12   0.1631999537093967E+03   0.9658481479876146E+02   0.7357438193258603E+00   0.3081597265337371E+04
     13   0.1632584977418303E+03   0.9748942558181875E+02   0.7264911190997632E+00   0.3081597265337371E+04
     14   0.1634684397299382E+03   0.9791541034123676E+02   0.7259783480593247E+00   0.3081597265337371E+04
     15   0.1641146063811883E+03   0.9797256240170454E+02   0.7068566147140100E+00   0.3081597265337371E+04
     16   0.1646241000122604E+03   0.9777514651135225E+02   0.6803218085938546E+00   0.3081597265337371E+04
     17   0.1648611875293759E+03   0.9746711024227919E+02   0.6834951686329090E+00   0.3081597265337371E+04
     18   0.1648956555436013E+03   0.9796695850195732E+02   0.6550402579946445E+00   0.3081597265337371E+04
     19   0.1648035861179886E+03   0.9878363050385869E+02   0.6080826406358829E+00   0.3081597265337371E+04
     20   0.1645923235592744E+03   0.9962767057368698E+02   0.5971694395958956E+00   0.3081597265337371E+04
     21   0.1643326435592283E+03   0.1001997446084059E+03   0.6126656176581586E+00   0.3081597265337371E+04
     22   0.1640464342692268E+03   0.1001849381606768E+03   0.5917247231892011E+00   0.3081597265337371E+04
     23   0.1637970597027148E+03   0.1011104143924632E+03   0.6354685408433434E+00   0.3081597265337371E+04
     24   0.1638706685850144E+03   0.1013327639058074E+03   0.6118543106271495E+00   0.3081597265337371E+04
     25   0.1639146043442851E+03   0.1010100199387287E+03   0.6745722378771064E+00   0.3081597265337371E+04
     26   0.1639453931299666E+03   0.1004977910249684E+03   0.6724077082093260E+00   0.3081597265337371E+04
     27   0.1639045061883141E+03   0.1002535167051041E+03   0.6992288497491599E+00   0.3081597265337371E+04
     28   0.1637550022491529E+03   0.1006276925430178E+03   0.7173597519981985E+00   0.3081597265337371E+04
     29   0.1633576081753405E+03   0.1010690808905003E+03   0.7498404578573709E+00   0.3081597265337371E+04
     30   0.1628357092838144E+03   0.1015441145791898E+03   0.7998256913731644E+00   0.3081597265337371E+04
     31   0.1620384790284066E+03   0.1019273756003589E+03   0.8365846991429235E+00   0.3081597265337371E+04
     32   0.1611757738347551E+03   0.1018808087302197E+03   0.8316745850172267E+00   0.3081597265337371E+04
     33   0.1602824401899660E+03   0.1014193515604866E+03   0.8552328929325453E+00   0.3081597265337371E+04
     34   0.1593285187179374E+03   0.1007933788875002E+03   0.8473069054258140E+00   0.3081597265337371E+04
     35   0.1586183770678247E+03   0.1001456836863436E+03   0.8230788165372315E+00   0.3081597265337371E+04
     36   0.1584424441492845E+03   0.9932944180652525E+02   0.7478210356789059E+00   0.3081597265337371E+04
     37   0.1588343107783227E+03   0.9924243419699165E+02   0.6857732622389623E+00   0.3081597265337371E+04
     38   0.1589053353374282E+03   0.1003781577605213E+03   0.6824997162726625E+00   0.3081597265337371E+04
     39   0.1587030233478717E+03   0.1020996202109500E+03   0.6588915830614402E+00   0.3081597265337371E+04
     40   0.1582681874756818E+03   0.1039929456492550E+03   0.7120872361848269E+00   0.3081597265337371E+04
     41   0.1576858784278734E+03   0.1056989825731292E+03   0.8483537447071932E+00   0.3081597265337371E+04
     42   0.1569785096712389E+03   0.1070209981822294E+03   0.8254248501418696E+00   0.3081597265337371E+04
     43   0.1563036675546240E+03   0.1076594242801683E+03   0.7900573700269683E+00   0.3081597265337371E+04
     44   0.1556827790773013E+03   0.1076665327856838E+03   0.7448418051650982E+00   0.3081597265337371E+04
     45   0.1554408228692039E+03   0.1073328010712882E+03   0.8728502127064860E+00   0.3081597265337371E+04
     46   0.1552525815417953E+03   0.1068997761144000E+03   0.8160162599307356E+00   0.3081597265337371E+04
     47   0.1550541021966115E+03   0.1064908249451809E+03   0.7816378873470726E+00   0.3081597265337371E+04
     48   0.1548198715516868E+03   0.1064175295481769E+03   0.6767233709455169E+00   0.3081597265337371E+04
     49   0.1549554455713900E+03   0.1062031313588821E+03   0.6272810477960638E+00   0.3081597265337371E+04
     50   0.1552202687409638E+03   0.1055940038128597E+03   0.5975542436926671E+00   0.3081597265337371E+04
     51   0.1552754562022568E+03   0.1045456609247267E+03   0.7380170750748501E+00   0.3081597265337371E+04
     52   0.1551459295275171E+03   0.1043868664729693E+03   0.6317005865531193E+00   0.3081597265337371E+04
     53   0.1549921966693219E+03   0.1042913228988046E+03   0.6673717370828286E+00   0.3081597265337371E+04
     54   0.1549228156032403E+03   0.1045630585444811E+03   0.5759611915977895E+00   0.3081597265337371E+04
     55   0.1549031664349203E+03   0.1045214134595281E+03   0.4807458380538592E+00   0.3081597265337371E+04
     56   0.1549974528093448E+03   0.1040364284612360E+03   0.6113650553029617E+00   0.3081597265337371E+04
     57   0.1552263589398703E+03   0.1032328533153357E+03   0.5388927505909786E+00   0.3081597265337371E+04
     58   0.1553651534186488E+03   0.1029813835752034E+03   0.5511263910533495E+00   0.3081597265337371E+04
     59   0.1552518974671804E+03   0.1032913141319632E+03   0.6066133774055069E+00   0.3081597265337371E+04
     60   0.1552522545503326E+03   0.1031882504299503E+03   0.6832115391517433E+00   0.3081597265337371E+04
     61   0.1552187023614020E+03   0.1025962400111787E+03   0.6711012983578761E+00   0.3081597265337371E+04
     62   0.1550535962810311E+03   0.1019952429380727E+03   0.5577649543233300E+00   0.3081597265337371E+04
     63   0.1548013696245506E+03   0.1015441545890317E+03   0.5344351077921392E+00   0.3081597265337371E+04
     64   0.1550705218866958E+03   0.1007985937853954E+03   0.5612349581184832E+00   0.3081597265337371E+04
     65   0.1557581535889055E+03   0.9977804315274803E+02   0.4836148920575253E+00   0.3081597265337371E+04
     66   0.1565408215772647E+03   0.9942239418089120E+02   0.6425814756854695E+00   0.3081597265337371E+04
     67   0.1572424060508611E+03   0.9973973477530706E+02   0.6332123893298190E+00   0.3081597265337371E+04
     68   0.1578008829227453E+03   0.1002192716957721E+03   0.5089717562879025E+00   0.3081597265337371E+04
     69   0.1582000367143749E+03   0.1004457386482902E+03   0.5422471519485359E+00   0.3081597265337371E+04
     70   0.1583696410435155E+03   0.1003443626508998E+03   0.5438912772473543E+00   0.3081597265337371E+04
     71   0.1582272044156905E+03   0.1001148315432325E+03   0.7948251222050174E+00   0.3081597265337371E+04
     72   0.1577940827663495E+03   0.9963321352637614E+02   0.8040336399725777E+00   0.3081597265337371E+04
